[config]
enabled=true
name=Desert Race #1
vehicle_model=12
time_seconds=121
race_dimension=-1
countdown_seconds=-1
world_time=17.0
pickup_object_model=-1
num_startpoints=6
num_checkpoints=12

[startpoints]
start_1_x=122342.3515625
start_1_y=91235.390625
start_1_z=1166.431640625
start_1_h=-93.13639831543
start_2_x=121948.3203125
start_2_y=91212.171875
start_2_z=1165.6564941406
start_2_h=-92.181587219238
start_3_x=122426.5625
start_3_y=91905.3984375
start_3_z=1180.6805419922
start_3_h=-93.807472229004
start_4_x=122018.8125
start_4_y=91902.703125
start_4_z=1179.7364501953
start_4_h=-92.44889831543
start_5_x=122485.6796875
start_5_y=92581.2109375
start_5_z=1207.3572998047
start_5_h=-93.516502380371
start_6_x=122073.1171875
start_6_y=92762.0625
start_6_z=1214.0397949219
start_6_h=-95.61589050293

[checkpoints]
checkpoint_1_x=123068.5078125
checkpoint_1_y=87426.0390625
checkpoint_1_z=1146.6011962891
checkpoint_2_x=126929.78125
checkpoint_2_y=81338.546875
checkpoint_2_z=1469.4768066406
checkpoint_3_x=133942.578125
checkpoint_3_y=79032.71875
checkpoint_3_z=1508.1181640625
checkpoint_4_x=147384.296875
checkpoint_4_y=79096.96875
checkpoint_4_z=1146.9466552734
checkpoint_5_x=154836.4375
checkpoint_5_y=86266.484375
checkpoint_5_z=1253.40625
checkpoint_6_x=168094.65625
checkpoint_6_y=93849.640625
checkpoint_6_z=1368.2023925781
checkpoint_7_x=181800.140625
checkpoint_7_y=101508.5078125
checkpoint_7_z=1304.6127929688
checkpoint_8_x=186979.140625
checkpoint_8_y=100369.2265625
checkpoint_8_z=1341.4680175781
checkpoint_9_x=186298.046875
checkpoint_9_y=87425.59375
checkpoint_9_z=1485.1175537109
checkpoint_10_x=179578.3125
checkpoint_10_y=72092.4921875
checkpoint_10_z=2229.6223144531
checkpoint_11_x=171371.3125
checkpoint_11_y=60086.20703125
checkpoint_11_z=1146.0716552734
checkpoint_12_x=163797.515625
checkpoint_12_y=55572.08203125
checkpoint_12_z=1194.4099121094
