[config]
name=City Race #1
vehicle_model=6
time_seconds=121
race_dimension=-1
countdown_seconds=-1
world_time=13.5
pickup_object_model=-1
num_startpoints=4
num_checkpoints=7

[startpoints]
start_1_x=172842.71875
start_1_y=196740.03125
start_1_z=1194.7528076172
start_1_h=179.97068786621
start_2_x=172809.078125
start_2_y=196321.046875
start_2_z=1194.7922363281
start_2_h=177.79734802246
start_3_x=173669.0625
start_3_y=196734.796875
start_3_z=1194.78125
start_3_h=179.13415527344
start_4_x=173686.5625
start_4_y=196293.609375
start_4_z=1194.7821044922
start_4_h=-179.30136108398

[checkpoints]
checkpoint_1_x=166785.96875
checkpoint_1_y=193546.875
checkpoint_1_z=1193.9124755859
checkpoint_2_x=163416.34375
checkpoint_2_y=188119.234375
checkpoint_2_z=1191.7224121094
checkpoint_3_x=155231.984375
checkpoint_3_y=195664.609375
checkpoint_3_z=1330.4866943359
checkpoint_4_x=156794.515625
checkpoint_4_y=209155.078125
checkpoint_4_z=1194.2021484375
checkpoint_5_x=166773.0
checkpoint_5_y=210586.078125
checkpoint_5_z=1193.7767333984
checkpoint_6_x=157234.109375
checkpoint_6_y=214226.34375
checkpoint_6_z=1201.1782226562
checkpoint_7_x=157274.125
checkpoint_7_y=222916.515625
checkpoint_7_z=1201.5805664062